500

Breohin (Breehine, Breehtyn, Breehyn, Breohyne,
Breichin) crofta de. (App.) 68.

..Ἀ-.- deanery of. (App.) 338, 339, 342, 400,
401, 402, 403, 415.

4,...4 dominium de, 42, 49, 50, 52. (App.)
214, 294, 295, 299, 320, 330, 331, 335, 342,
348, 349, 350, 363, 366, 367, 370, 372, 373,
375, 377, 378, 379, 417, 418, 419, 420, 421,
422, 424, 425, 426.

..w- domus Dei de (vide Maisoudieu) 4, 7, 186,
187. (App.) 66, 67, 98, 115, 137, 219, 220,
221, 292, 299, 325, 326, 344, 346.

....... ecelesia cathedralis Sancte Trinitatis de,
3. 7, 8, 10, 11, 12, 13, 14, 16, 17, 21, 22, 27,
29, 30, 33, 34, 35, 36, 38, 41, 42, 46, 47, 48,
49, 50, 52, 53, 54, 55, 56, 57, 60, 61, 65, 66,
67, 68, 69, 71, 73, 74, 75, 76, 79, 80, 81, 86,
87, 88, 91, 105, 114, 117, 121, 125, 128, 129,
130, 131, 132,133,134,135,136,137, 138,
139, 143, 146,147,148,151,152,154, 157,
163,164, 165,166,169,171,175,182,183,
184, 185, 189, 190, 192, 196,197,198, 199,
200, 201, 203, 204, 205, 207, 210, 211, 213,
220, 221, 222, 227, 228. (App.) 4. 6, 8, 9,
10, 17, 18, 19, 20, 23, 24, 25, 26, 27, 28, 29,
30, 31, 34, 40, 41, 42, 43, 44, 45, 47, 48, 49,
50, 52, 53, 54, 55, 58, 59, 68, 69, 70, 71, 75,
76, 77, 78, 80, 83, 87, 88, 89, 90, 92, 93, 94,
95, 96, 100, 101, 103, 107, 108, 109, 110,
111, 112, 113, 114, 116, 117, 118, 120, 135,
136, 137, 139, 140, 141, 142, 145, 146, 147,
151, 157, 159, 160, 165, 166, 167, 172, 177,
178, 179. 180, 181, 183, 189, 190, 191, 192,
193, 195, 200, 202, 204, 206, 212, 213, 215,
216, 217, 218, 219, 222, 236, 237, 246, 248,
250, 251, 252, 259, 261, 262, 263, 266, 267,
268, 269, 271, 272, 273, 275, 276, 277, 279,
280, 282, 284, 287, 290, 292, 294, 304, 305,
313, 319, 320, 321, 322, 323, 330, 331, 332,
335, 336, 337, 338, 339, 341, 342, 343, 347,

348, 349, 350, 351, 356, 358, 359, 361, 362,
363, 364, 365, 366, 368, 370, 378, 380, 387,
388, 389, 390, 391, 392, 393, 395, 400, 401,

402, 403, 407, 408, 411, 412, 413, 414.

...m eeclesia paroehialis de. (App.) 241, 242,
296, 297, 311, 312, 313, 361.

..Μ- fabrilis de. (App.) 419, 424.

...m glebo of vicar of. (App.) 340.

w„ hanah de, 229.

199. 240, 302, 418, 420, 423, 424, 427.
w-.. latehe de. (App.) 221.

(App.) 158, 181. 192,

INDEX LOCORUM.

Breehin (Breehine, Erechtyn, Brechyn, Brechyne,
Breicbin) libertas de. (App.) 225.
........ little mill (mins) of, 107. (App.) 113,
199, 211, 228, 230, 235, 236, 431, 441.
little min den of. (App.) 294.
...m locus consistorialis (consistorium) de, 71,
73,152. (App.,)88 158.
......2 meikie mili of. (Ap p.) 199.
Μ Μ. mill den of. (App.) 294.
Am... molendinum de, 5.
...m moor of, 151‚165.
188, 189, 287.
m... parochia de, 166, 182. (App.) 227, 239,
283, 287, 289, 296, 298, 299, 312, 313, 325,
332, 335, 341, 343, 344, 345, 348, 368, 428,

pensionary of. (App.) 364, 380.
petaria de, 5.

piscaria de le haueh de. (App.) 427.

pons de. (App.) 113, 167, 271.
prebende de, 88.

preceptoria domus Dei m.

..„ pretorium de,140‚ 189.

steeple of. (App..)333

subdeanery of. (App.‚)361 370.

terre de,6, 41, 127. (Ap p.)430.

territorium de. (App.) 1p5p.8

....,4 villa, burgum, seu civitas de, 3, 5, 6,
7, 9, 10, 16, 20, 34, 52, 53, 55, 57, 58, 71,
73, 78, 82, 90, 97, 105, 106, 107, 109, 110,
112,116,117,119,125‚126’‚ 127⁹, 138’,139,
140,142,143,145, 146,152,155,165, 169,
170,171,175,176,183,184,185, 186, 187,
188,189,190,193,194,195, 197,214, 215,
216, 217, 218, 221, 222, 228, 229, 230, 232,
233. (App.)3, 4, 6, 7, 8, 17, 19, 20, 24, 28,
39, 48, 50, 53, 60, 61, 62, 63, 65, 66, 68, 69,
70, 72, 77, 79, 80, 81, 82, 83, 84, 88, 89, 90,
93. 95, 96, 97, 98, 99, 108 111, 112, 113,115,
116,117,118‚119,120, 121, 122, 123,135,
136,l38,139,142,143,148, 149, 150, 151,
152,153,154,155,156,158,159,160,161,
164, 1,65 166,167,170‚ 171,172,173, 174,
179, 180, 181, 182,183,184,188,190,191,
192, 193, 194, 195, 197, 198, 199, 200, 201,
203, 211, 212, 213, 214, 215, 216, 217, 218,
220, 221. 223, 224, 225, 226, 227, 228, 229,
230, 231, 232, 233, 234, 235, 236, 237, 238,
239, 240, 241, 242, 245, 246, 247, 248, 249,
250, 251, 252, 273, 274, 275, 276, 277, 278,
279, 281, 283, 285, 286, 287, 288, 289, 290,

mm

(App.) 186, 187,

ΞΪῘ (App.) 325.
(Ap .)p 171.

..σιω-..-

mm

