 

INDEX NOMINUM.

Breohinenses, choristae‚-220,· 221, 222. (App.)
145, 146, 165, 166, 167, 183, 190, 192, 193,
200, 245, 355.

m... cives, 170, 171, 183. s (App.) 79, 80, 109,
161, 186, 187, 188, 189, 215, 217.

m...- colleg-istae. (App.) 174.

...m decani, 137. (App.) 28.

..ι-,υνυ-

379, 445.

w... prebenda—rii, 66, 67, 68, 69. (App.) 40,

41, 42, 43, 76.
........ rectores. 129. (App
........ viem-ii, 129.
183, 190, 192, 193, 200, 201. 355.

.) 71, 76.

Brechineneis, archidiaconus, 22, 27, 32. 34, 63, 67,

88, 96, 97, 123, 124, 130, -131, 134, 152, 153,

154, 156, 157, 158, 159, 160, 161, 196,

(App.) 9, 17, 41, 69, 70, 77', 169, 173, 180,
181, 182, 192, 194, 204, 213, 214, 215, 219,
232, 237, 241, 242, 249, 250, 256, 273, 274,
278, 279, 284, 296, 302, 304, 327, 388, 394.
403, 406, 408, 412, 414, 416.

...m-8 archidiaconus, Dauid.· (App.) 213, 219,

...- archidiaconus, Gregorius. (App.) 256,
257, 258, 259, 260, 261, 269, 270, 271.

Μ... cancellarius, 11, 20, 50, 60, 72, 73, 77.
87, 128, 130, 131. 132, 133, 140, 157, 169,
198, 217. (App.) 26, 2-8, 37, 51, 70, 71, 74,
75, 77. 114, 135, 177, 194, 196, 215, 228,
236, 237, 238, 242, 250, 275, 277, 278, 279,
284, 296, 385, 426.

........ cantor (precentor) 27, 32, 34, 50, 60, 63.
65, 66, 67, 68, 72, 73, 76, 79. 81, 87, 88, 98,
112, 120, 123, 128, 130, 131, 132, 133, 136,
140, 157, 198, 217, 228. (App.) 17, 24, 26,
28, 37, 40, 41, 42, 51, 58, 69, 71, 72, 74, 77,
91, 94, 95, 97, 111, 114,-135‚ 136. 151, 161,
167, 177, 181, 194, 204, »213, 215, 227, 236,
237, 238, 239,— 241, 242, 250‚'273, 274, 275,
277, 278, 279, 286, 296, 302, 304, 320, 323,
330, 332, 341.

..-m capellanus paroehialis. 146, 156, 159.
(App.) 47, 48, 50, 52, 53, 97.

m... chorus, 34, 60, 119, 120, 121, 122, 132,
133, 137, 169, 181, 182, 185, 187, 196, 221,
222, 229, 231. (App.)·17, 19, 20, 54, 71,
78, 91, 92, 94, 95, 97, 98, 102, 103, 111, 112,

episcopi, 3, 57, 65, 80, 84, 117, 137, 139,
169, 225. (Apps) 26, 28. 44, 89, 151, 169,
174, - 193, 223, 255, 266, 267, 273, 275, 276,
278, 291, 295, 303, 310, 328, 336, 375, 377,

(App.) 71, 76, 78, 95, 96,

455

118, 119, 137, 139, 143, 145, 147, 159, 160,
161, 164, 165, 166, 167, 172,-]81, 183, 184,
192, 193, 194, 200, 230, 245, 347, 355, 362.
Brechinensis, Civitatis baniui, 175, 190, 232, 233.
(App.) 19, 80, 109, 122, 123, 215, 224, 225,
231, 235, 236, 237, 238, 239, 240, 241, 245,
246, 247, 248, 249, 250, 251, 274, 287, 298.

...Μ commissarius. (App.) 138, 147, 156, 157,
158, 213, 229, 231, 235, 237, 239, 241, 248,
279, 292, 297, 444.

1...- communis procurator, 232. (App.) 73,
94, 97, 102, 103, 111, 143. 165,.168, 169,
173, 177, 178, 179, 183, 194.

communitas. 127, 146, 149, 175. (App.)
122, 123, 224, 225, 235, 236, 249, 287, 440,

m... curatus. (App.) 150, 164.

...Μ decani vicarius. (App.) 72, 74.

...m decanus, 8. 11, 12, 18, 20, 24, 41, 42, 46,
47, 48, 49, 50. 51, 52, 53, 54, 60, 61, 62, 67,
69, 71, 88, 97, 121, 125, 130, 131, 133, 135,
136, 138, 139, 140, 169, 175, 184, 196, 217,
218, 221, 232. (App.) 4, 11, 13, 24, 25, 26,
27, 29, 30, 31, 41, 45, 71, 73, 77, 88, 140,
156, 157, 174, 175, 176, 177, 178, 179, 182,

uma-.-

186, 187, 188, 189, 193,-211, 213, 214, 215,
239, 241, 250, 273,’276, 277,’279, 290, 300,
303, 304, 305, 313, 321, 322,·323, 324, 336,
337, 341, 348, 350, 351, 358,’359,·378.
........ decanus, Cuthbertus de ψ Breohine. vel
Hem-ici, 27, 32, 34, 60, 63, 65, 66, 68, 72.
73, 76, 79, 80. 131, 132, 136, 137. (App.)
17, 40, 41. 42, 43, 51, 69, 273.
....... decanus, Dugailus Campbell. (App.) 236,
293, 296, 342, 358.
„m decanus J. Campbell. (App.) 242.
........ decanus, Dav-id Camegy. (App.) 249,
250.
....... decanuS, Dauid de Crannacht. (App.)
, 93, 94, 95, 96, 400, 402. s
....... decanuS, Guinelmus Cunyngbame. (App.)
w... decanus, Hnsso Dougiass, 217. (App)
151, 161, 164, 165, 277, 278, 303, 304.
...m decanus, willelmus Forbes. (App.) 402,
....... 'det-,anm magistet-Gabatum (App.) 37.
domnus, Jobannesfde melmun, 96, 119,

(App) 58,

..n-...-

120, 122, 123, 135. 157, 169.
59, 72, 73, 74, 80, 85, 87.

