456

Brechinensis, decanus, Matheus.
259, 260, 269.

.....- liecanus, ,Iacobus Nicolsoun. (App.) 319,
320, 338, 339, 342.

....- decenne, Philippus. (Ap ..)393

.....- decanus,Hen1-ieus Quhit.p (App.) 192,

.....- decanus, Jobannes de Spaldynge, 182, 190,
197, 198. (App.) 117, 118, 177, 178, 274,
275, 384, 415.

.....- ’decanus, Walterus Stevart. (App.) 400,

.....- ’decanus Jacobus Thorntoun. (App.)

....... decanus, dominus Willelmus, 7. (App.)

.....- decanus, Willelmus. (App.) 204.

........ dominii (episcopalis) balliui. ( A.pp ) 367,

.....- dominus temporalis, 215.

.....- episcopi vicarius generalis, 126, 171, 188,
212. (App .,)27 35, 58, 59.

...m episcopus, 8, 11, 13, 14, 17, 18, 22, 24,
27, 35, 36, 37, 38, 41, 49, 50. 51, 52, 62, 64,
69, 74, 76, 77, 80, 81, 82, 83, 85, 87, 94, 95,
106, 109,110,111,113,115,121,126‚127‚
135, 138, 139, 140, 143, 147, 148, 150, 154,
156, 159, 160, 161, 162, 163, 164, 166, 168,
170, 171, 173, 174, 183, 186, 188, 189, 190,
191, 197, 203, 204, 205, 209, 211, 225, 229,
230. (App.) 4, 7, 9, 10, 11, 13, 16, 17, 22,
23, 25, 35, 37, 41, 44, 45, 58, 64, 84, 86, 89,
90, 103, 161, 168, 169, 176, 177,178,179,
231, 265, 267, 268, 275, 291, 311, 315, 320,
323, 324, 332, 358, 363, 367, 373, 377, 386,
391, 392, 393, 395, 397, 399, 402, 411, 441.

m...- episcopus, Adam, 10, 13, 14. (App.)

m... 'episcopusg Albinus, 7. (App.) 262, 264,
265, 266, 388.

...m episeopus, Alexander. App.) 298.

...m episcopuS, Alexander. App.) 350.

m... episcopus, Andreae. (App.) 293, 294,

m... 'episcopuffi Jobannes Balfour, 191, 196,
197, 198, 199, 201, 202, 206, 207. (App.)
109, 110, 114, 125, 408, 413,

........ episcopus, Alexander Campbell. (App.)

(App. ) 257, 258,

(Αρμ) 166

205, 206, 207, 211, 212, 213, 214, 215, 216,
217, 219, 230, 236, 239, 282, 284, 285, 286,

INDEX NOMINUM.

287, 288, 290, 291, 292, 293, 309, 310, 313,
321, 322, 323, 328, 329, 330, 331, 332, 334,
336, 337, 338, 339, 341, 347, 349, 357, 358,
366, 369, 374, 428.

Brechinensis, episeopus, Jobannes de Crannoch

(Crannacht) 41, 42, 46, 47, 51, 52, 53, 56, 59,
60, 61, 62, 63, 64, 65, 66, 67, 68, 71, 73, 74,
78, 79, 80, 83, 86, 87, 88, 91, 97, 98, 104, 105,
106, 108, 109, 110, 111, 112, 116, 119, 120,
121, 122, 123, 124, 125, 128, 130, 131, 132,
134, 135, 136, 137, 141, 143, 144, 145, 151,
152, 155, 161, 163, 165, 169, 170, 175, 176,
181, 189. (App.) 23, 24, 26, 27, 29, 30, 31,
34, 37, 39, 40, 41, 42, 43, 44, 45, 47, 49, 50,
51, 52, 54, 55, 59, 60, 61, 62, 63, 64, 65, 66,
69, 70, 71, 72, 73, 74, 75, 76, 77, 80, 82, 83,
84, 85, 86, 92, 93, 94, 95, 97, 276, 286, 396.

m... episcopus, David. (Ap p.) 241, 242.

m... episcopus, David. (App.) 250.

m... episcopus, Walterus Foresrar (Forster)
27, 28, 29, 30, 31, 32, 33, 35, 38, 75, 76, 77,
78, 81, 82,83,109.128,130,l31,135,137.
(App.) 17, 85, 86, 273.

.....- episcopus, Gregorius (A.pp ) 256, 261,
264, 265, 270’, 271, 272, 387, 388.

m... episcopus, Hugo, (App.) 256, 259, 261,
264, 265, 270, 271.

m... episcopus, Jobannes de Kininmunth, 9,
57. (.Αρρ)6, 266, 269, 389, 390.

....... episeopus, Robertus 'Laut-ie. (App.) 251.

........ episcopus, Patricius de Loerys, cancel-
larius Scotie‚ 13, 15, 19, 57, 58, 74, 128, 129,
130. (App.)7, 75, 76, 382, 394.

m... episcopus, willelmus (Guillermus) Mel-
drum, 217, 218, 219, 220. 224, 225. (App.)
125, 131, 132, 134, 135, 136, 140, 141, 142,
150, 151, 152, 153, 157, 166, 167, 169, 277,
298, 303, 304, 385.

........ episcopus, Patricius.
106,107.

w...- episcopus, Philippus. (App.) 6, 393, 394.

...m episcopus, Radulphus. (App.) 255, 257,
258, 259, 260, 261, 264, 265, 269, 270.

.....- episcopus, Georgius Schoriswod, 181,
182, 184, 188, 189, 190. (App.) 175, 177,
178, 273, 274, 383, 384.

....- episeopus, ,lohannes Sinclare, 227, 228,
229. (App.) 173, -174, 175, 182, 186, 187,
188, 189, 192, 193, 194, 196, 197, 202, 204,
278, 279, 300, 304, 310, 328, 348, 349, 350,
351, 354, 355, 357, 359, 378.

(App.) 100, 104,

